% line2

level11 = [2 3 2 2 2 3 , 2 2 2 2 ...
           2 2 2 2 2 , 0 2 , 2 2 2 3 3 ...%5
           0 2 , 2 2 2 2 2 ...
		   0 2 , 3 2 2 2 3 , 2 2 2 2 ...%10
		   2 2 2 2 2 ...
		   0 2 , 2 2 2 3 3 ...
		   0 2 , 2 2 2 2 2 ...%15
		   0 0 0 0 0 0 , 2 1 1 2 1 1 1 1 2 1 1 2 1 1 1 ...
		   0 0 0 0 0 0 , 2 2 2 2 2 1 1 0 1 1 1 ...
		   2 2 2 2 2 1 1 0 1 1 1 ...%20
		   2 2 2 2 2 1 1 0 1 1 1 , 2 2 2 2 2 1 1 0 1 1 1 ...
		   0 0 0 1 0 0 0 1 , 1 1 1 1 2 , 2 2 2 1 ...%25
		   2 1 1 1 1 , 0 1 , 1 1 1 1 2 , 2 2 2 1 , 2 2 2 1 1 ...%30
		   0 0 0 0 , 0 0 0 0 0 0 ...
		   0 0 0 0 0 0 , 0 0 1 1 0 1 0 1 , 0 2 2 ...%35
		   2 2 2 2 1 1 ...
		   1 1 0 ...
		   2 2 2 1 1 ...
		   1 1 2 1 1 ...
		   2 2 2 1 1 ...%40
		   1 1 1 1 1 ...
		   0 0 ...
		   0 0 0 0 1 ...
		   2 2 2 2 2 1 1 1 ...
		   1 1 1 1 1 ...%45
		   2 2 2 2 2 1 1 1 ...
		   1 1 2 1 1 ...
		   2 2 2 1 1 ...
		   1 1 1 1 1 ...
		   ...%50
		   1 0 0 0 0 0 0 0 1 0 0 0 0 0 0 0 ...
		   1 0 0 0 0 0 0 0 1 0 0 0 0 0 0 ...
		   2 2 2 1 1 ...
		   ...
		   2 1 1 1 1 1 1 1 2 1 1 1 1 1 1 1 ...%55
		   2 1 1 1 1 1 1 1 2 1 1 1 1 1 1 1 ...
		   1 1 0 1 0 1 0 1 1 0 2 ...
		   3 2 3 2 3 2 3 2 ...
		   2 2 2 2 2 2 2 2 ...
		   3 2 3 2 3 2 3 2 ...%60
		   2 2 2 2 2 2 2 1 ...
		   2 1 2 2 3 2 3 1 ...
		   2 1 2 2 3 2 3 1 ...
		   2 1 2 2 3 2 3 1 ...
		   2 2 2 ...%65
		   ...
		   0 , 2 , 0 , 2 ...%70
		   0 , 2 , 0 , 2 1 1 2 1 1 , 2 1 1 2 1 1 ...%75
		   2 2 2 2 2 2 ...
		   2 2 2 2 2 2 ...
		   2 2 2 2 2 2 2 2 2 2 2 2 2 2 2 2 2 2 2 1 1 1 1 0 0 0 0 -1 -1 -1 -1 -2 ...
		   2 2 2 2 2 2 2 2 2 2 2 2 2 2 2 2 2 2 2 1 1 1 1 0 0 0 0 -1 -1 -1 -1 -2 ...
		   2 2 2 2 2 2 2 2 2 2 2 2 2 2 2 2 2 2 2 1 1 1 1 0 0 0 0 -1 -1 -1 -1 -2 ...%80
		   2 3 2 3 2 3 2 3 2 3 2 3 2 3 2 3 3 2 2 2 2 1 1 1 1 0 0 0 0 -1 -1 -1 ...
		   0 0 0 0 0 0 , 0 0 0 0 0 0 ...
		   0 0 0 0 0 0 , 0 0 0 0 0 0 ...%85
		   1 0 0 0 0 1 0 0 0 0 1 0 0 ...
		   1 0 0 0 0 1 0 0 0 0 1 0 0 ...
		   1 0 0 0 0 1 0 1 1 1 ...
		   2 2 3 3 , 3 3 3 3 2 2 ...%90
		   2 2 2 2 , 3 3 3 3 2 2 , 2 2 3 2 , 3 3 3 2 2 , 2 2 2 2 2 ...%95
		   0 1 , 1 1 1 1 1 , 2 2 2 2 2 1 1 1 ...
		   1 1 1 1 1 , 2 2 2 2 2 1 1 1 ...%00
		   1 1 2 1 1 , 2 2 2 1 1 , 1 1 1 1 1 ...
		   ...
		   1 0 0 0 0 0 0 0 1 0 0 0 0 0 0 ...%5
		   2 1 2 1 2 , 2 1 ...
		   2 2 2 1 1 , 2 2 2 1 1 , 2 2 2 1 1 ...%10
		   2 2 2 1 1 , 2 2 2 2 1 1 , 1 1 1 0 1 ...
		   2 2 2 2 1 1 , 1 1 2 1 1 ...%15
		   2 2 2 1 1 , 1 1 1 1 1 ...
		   ...
		   1 0 0 1 0 0 1 0 , 1 0 0 0 0 0 0 0 ...%20
		   1 0 0 1 0 0 1 1 , 2 1 1 ...
		   0 1 1 0 1 1 0 1 , 2 1 1 , 0 0 0 0 0 0 0 1 ...%25
		   1 1 1 2 2 , 0 , 1 1 1 1 1 ...
		   3 3 2 , 3 3 2 ...%30
		   0 , 0 ...

           ];
level12 = [0 0 ,  0 , 0 , 0 0 1 , 1 0 1 0 2 ...%5
           0 1 , 2 0 2 0 0 , 0 , 0 2 2 1 1 1 1 ...
		   2 2 1 1 1 1 1 ...%10
		   1 1 1 0 1 1 1 , 0 1 1 0 1 1 0 1 ...
		   1 0 1 0 2 , 0 1 , 2 0 2 0 0 ...%15
		   0 0 0 0 0 0 ...
		   ...
		   0 0 0 0 0 0 , 1 1 1 1 0 0 0 0 , 1 1 1 1 0 0 1 1 ...%20
		   1 1 1 1 0 0 0 0 , 1 1 1 1 0 0 1 1 ...
		   0 0 0 0 0 0 0 0 , 1 1 0 1 , 1 1 0 0 ...%25
		   1 1 0 1 , 0 0 0 , 1 1 0 1 , 1 1 0 0 , 1 1 0 0 ...%30
		   1 0 , 0 0 0 0 0 0 0 0 0 0 ...
		   0 0 0 0 0 0 0 0 0 0 , 0 0 0 0 0 0 0 0 , 0 1 1 ...%35
		   1 1 1 1 1 1 , 1 1 1 ...
		   1 1 1 1 0 , 1 1 2 1 0 , 2 2 1 1 0 ...%40
		   1 0 1 0 1 , 0 0 ...
		   0 0 0 0 0 0 0 0 0 0 0 ...
		   1 0 1 0 1 0 1 0 ...
		   1 0 1 1 0 ...%45
		   1 0 1 0 1 0 1 0 , 1 0 2 1 0 ...
		   2 2 0 1 0 , 1 0 1 0 1 ...
		   ...%50
		   0 , 0 1 ...
		   2 1 1 2 1 1 2 1 1 1 1 1 1 1 1 1 ...
		   1 1 1 1 1 1 1 1 2 1 1 1 1 1 1 1 ...
		   0 ...%55
		   0 , 0 1 , 2 1 2 1 2 1 2 1 ...
		   1 1 1 1 1 1 1 1 ...
		   2 1 2 1 2 1 2 1 ...%60
		   1 1 1 1 1 1 1 0 ...
		   1 0 1 0 2 0 2 0 ...
		   1 0 1 0 2 0 2 0 ...
		   1 0 1 0 2 0 2 0 , 2 2 2 ...%65
		   ...
		   0 , 1 , 0 , 2 ...%70
		   0 , 1 , 0 ...
		   2 1 1 1 1 1 1 1 2 1 1 1 1 1 1 1 ...
		   2 1 1 1 1 1 1 1 2 1 1 1 1 1 1 1 ...%75
		   2 2 1 2 2 1 2 1 2 2 1 2 2 1 2 1 ...
		   2 1 1 2 1 1 2 1 2 1 1 2 1 1 2 ...
		   1 0 1 0 1 0 1 0 1 0 1 0 1 0 1 0 ...
		   1 0 1 0 1 0 1 0 1 0 1 0 1 0 1 0 ...
		   1 0 1 0 1 0 1 0 1 0 1 0 1 0 1 0 ...%80
		   2 0 2 0 2 0 2 0 2 0 2 0 2 0 2 0 ...
		   0 0 0 0 0 0 0 0 0 0 ...
		   0 0 0 0 0 0 0 0 0 0 ...
		   0 0 0 0 0 0 0 0 0 0 ...
		   0 0 0 0 0 0 0 0 0 0 ...%85
		   0 0 0 0 0 0 0 0 0 0 ...
		   0 0 0 0 0 0 0 0 0 0 ...
		   0 0 0 0 , 0 , 3 2 2 3 2 2 3 2 3 2 2 2 2 2 2 2 ...%90
		   2 2 2 2 2 2 2 2 2 2 2 2 2 2 2 2 ...
		   3 2 2 3 2 2 3 2 3 2 2 2 2 2 2 2 ...
		   2 2 2 2 2 2 3 2 2 2 2 2 2 2 2 2 ...
		   3 2 2 3 2 2 3 2 2 2 2 2 2 2 2 2 ...
		   2 2 2 2 2 2 2 2 2 2 2 2 2 2 2 ...%95
		   0 , 1 0 , 1 0 1 0 1 0 1 0 ...
		   1 0 1 0 0 , 1 0 1 0 1 0 1 0 ...%00
		   1 0 2 0 0 , 2 0 1 1 0 , 1 0 1 ...
		   ...
		   0 1 ...%5
		   2 1 1 1 1 1 2 1 1 1 1 1 1 1 2 1 ...
		   1 1 2 1 1 1 1 1 1 1 1 1 1 1 0 ...
		   2 2 1 1 1 , 2 2 1 1 1 , 2 2 1 1 1 ...%10
		   2 2 1 1 0 , 1 1 1 1 1 1 , 1 0 1 1 0 ...
		   1 1 1 1 1 1 , 1 0 2 1 0 ...%15
		   2 2 0 1 0 , 1 0 1 0 1 ...
		   ...
		   0 , 0 ...%20
		   0 , 1 0 0 0 1 , 0 , 1 0 0 0 1 , 0 ...%25
		   0 0 , 0 1 1 0 1 1 0 1 , 0 ...
		   3 2 2 3 2 2 2 0 , 3 2 2 3 2 2 2 0 ...%30
		   0 , 0 ...

           ];
level13 = [0 0 , 0 , 0 , 0 ...
           1 1 1 2 2 ...%5
           0 , 1 1 1 1 1 , 0 , 0 , 0 ...%10
		   0 , 0 , 1 1 1 2 2 , 0 , 1 1 1 1 1 ...%15
		   0 0 ...
		   ...
		   -1 -1 -1 -1 -1 -1 ...
		   0 0 0 0 0 0 , 0 0 0 0 0 0 ...%20
		   0 0 0 0 0 0 , 0 0 0 0 0 0 , 0 , 0 0 0 0 , 1 1 0 0 ...%25
		   1 1 0 0 , 0 0 0 , 0 0 0 0 , 1 1 0 0 , 1 1 0 0 ...%30
		   0 0 , 0 , 0 , 0 0 0 0 0 0 0 0 , 0 1 1 ...%35
		   1 1 1 1 1 1 ...
		   1 1 1 ...
		   1 1 1 1 0 ...
		   1 1 1 1 0 ...
		   1 1 1 1 0 ...%40
		   1 0 1 0 1 , 0 0 , 0 ...
		   1 0 1 0 1 0 1 0 , 1 0 1 0 0 ...%45
		   1 0 1 0 1 0 1 0 ...
		   1 0 1 1 0 ...
		   1 1 0 1 0 ...
		   1 0 1 0 1 ...
		   ...%50
		   0 , 0 , 0 , 0 , 0 ...%55
		   0 , 0 , 0 , 0 , 0 ...%60
		   0 , 1 0 1 0 2 0 2 0 , 0 , 1 0 1 0 2 0 2 0 , 1 1 1 ...%65
		   ...
		   0 , 1 , 0 , 1 ...%70
		   0 , 1 , 0 , 0 , 0 ...%75
		   0 , 0 , 0 , 0 , 0 ...%80
		   0 0 , 0 , 0 , 0 , 0 ...%85
		   0 0 , 0 0 , 0 0 0 0 0 0 0 0 , 0 , 0 0 0 1 ...%90
		   0 0 0 1 , 0 0 0 1 , 0 0 0 1 , 0 0 0 1 , 0 1 ...%95
		   0 , 1 0 , 1 0 1 0 1 0 1 0 ...
		   1 0 1 0 0 , 1 0 1 0 1 0 0 0 ...%00
		   1 0 1 0 0 , 1 0 , 1 0 1 ...
		   ...
		   0 ...%5
		   0 , 0 , 1 1 1 1 1 , 1 1 1 1 1 , 1 1 1 1 1 ...%10
		   1 1 1 1 0 , 1 1 1 1 1 1 , 1 0 1 1 0 ...
		   1 1 1 1 1 1 , 1 0 1 1 0 ...%15
		   1 1 0 1 0 , 1 0 1 0 1 ...
		   ...
		   0 , 0 ...%20
		   0 , 1 0 , 0 , 1 0 , 0 ...%25
		   0 , 0 , 0 , 0 , 0 ...%30
		   0 , 0 ...

           ];
level14 = [0 0 , 0 , 0 , 0 , 0 ...%5
           0 , 0 , 0 , 0 , 0 ...%10
		   0 , 0 , 0 , 0 , 0 ...%15
		   0 , 0 , -1 -1 -1 -1 -1 -1 , 0 ,  0 0 0 ...%20
		   0 , 0 0 0 , 0 , 0 0 0 0 , 1 1 0 ...%25
		   0 0 0 0 , 0 0 0 , 0 0 0 0 , 1 1 0 , 1 1 0 1 ...%30
		   0 , 0 , 0 , 0 0 0 0 0 0 0 0 0 0 , 0 1 1 ...%35
		   1 1 1 1 0 0 , 0 0 0 ...
		   1 1 1 0 0 ...
		   0 0 1 0 0 , 1 1 1 0 0 ...%40
		   0 0 0 0 0 , 0 0 , 0 ...
		   1 1 1 1 1 0 0 0 , 0 0 0 0 0 ...%45
		   1 1 1 1 1 0 0 0 ...
		   0 0 1 0 0 ...
		   1 1 1 0 0 ...
		   0 0 0 0 0 ...
		   ...%50
		   0 , 0 , 0 , 0 , 0 ...%55
		   0 , 0 , 0 , 0 , 0 ...%60
		   0 , 1 0 1 0 2 0 2 0 ...
		   1 0 1 0 2 0 2 0 , 0 , 0 1 1 1 ...%65
		   ...
		   0 , 1 , 0 , 1 ...%70
		   0 , 1 , 0 , 0 , 0 ...%75
		   0 , 0 , 0 , 0 , 0 ...%80
		   0 , 0 , 0 , 0 , 0 ...%85
		   0 , 0 , 0 0 , 1 1 2 2 , 0 1 ...%90
		   0 1 , 0 1 , 0 1 , 0 1 , 0 0 0 1 ...%95
		   0 , 0 , 0 , 0 , 0 ...%00
		   0 , 0 , 0 0 ...
		   ...
		   0 ...%5
		   0 , 0 ...
		   0 1 1 0 1 1 0 1 1 1 0 0 0 0 0 ...
		   0 1 1 0 1 1 0 1 1 1 0 0 0 0 0 ...
		   0 1 1 0 1 1 0 1 1 1 0 0 0 0 0 ...%10
		   0 1 1 0 1 1 0 1 1 1 0 ...
		   1 1 1 1 0 0 , 0 0 0 0 0 ...
		   1 1 1 1 0 0 , 0 0 1 0 0 ...%15
		   1 1 1 0 0 , 0 0 0 0 0 ...
		   ...
		   0 , 0 ...%20
		   0 , 0 , 0 , 0 , 0 ...%25
		   0 , 0 , 0 , 0 , 0 ...%30
		   0 , 0 ...

           ];
