%锟斤拷锟斤拷 line5
length11 = [2 2 2 2 2 2 , 2 2 2 2 ...
            2 2 2 2 3 , 2 2 , 1 1 1 1 3 ...%5
            1 1 , 1 1 1 1 3 , 1 1 ...
            1 1 1 1 1 , 1 1 1 1 ...%10
            1 1 1 1 3 , 1 1 ...
            1 1 1 1 3 , 1 1 , 1 1 1 1 1 ...%15
            1 1 1 1 1 3 , 1 2 2 1 2 2 1 2 1 2 2 1 2 2 1 ...
            1 1 1 1 1 1 , 1 1 1 1 1 1 1 1 1 1 1 ...
            1 1 1 1 1 1 1 1 1 1 1 ...%20
            1 1 1 1 1 1 1 1 1 1 1 ...
            1 1 1 1 1 1 1 1 1 1 1 ...
            1 1 1 1 1 1 1 1 , 1 1 1 1 1 , 1 1 1 1 ...%25
            1 1 1 1 3 , 1 1 , 1 1 1 1 1 ...
            1 1 1 1 , 1 1 1 1 1 ...%30
            1 1 1 1 , 1 1 1 1 1 1 , 1 1 1 1 1 1 ...
            1 1 1 1 1 1 1 1 , 1 1 1 ...%35
            1 1 1 1 1 1 , 1 1 1 ...
            1 1 1 1 1 , 1 1 1 1 1 , 1 1 1 1 1 ...%40
            1 1 1 1 3 , 1 1 , 1 1 1 1 1 ...
            1 1 1 1 1 1 1 1 , 1 1 1 1 1 ...%45
            1 1 1 1 1 1 1 1 , 1 1 1 1 1 ...
            1 1 1 1 1 , 1 1 1 1 3 ...
            ...%50
            1 3 3 3 3 3 3 3 1 3 3 3 3 3 3 3 ...
            1 3 3 3 3 3 3 3 1 3 3 3 3 3 3 ...
            1 1 1 1 3 ...
            ...
            1 3 3 3 3 3 3 3 1 3 3 3 3 3 3 3 ...%55
            1 3 3 3 3 3 3 3 1 3 3 3 3 3 3 3 ...
            1 3 3 3 3 3 3 3 1 1 2 ...
            2 2 2 2 2 2 2 2 ...
            2 2 2 2 2 2 2 2 ...
            2 2 2 2 2 2 2 2 ...%60
            2 2 2 2 2 2 2 2 ...
            2 2 2 2 2 2 2 2 ...
            2 2 2 2 2 2 2 2 ...
            2 2 2 2 2 2 2 2 ...
            2 2 3 ...%65
            ...
            3 , 3 , 3 , 3 ...%70
            3 , 3 , 3 , 1 1 1 1 1 1 , 1 1 1 1 1 1 ...%75
            1 1 1 1 1 1 , 1 1 1 1 1 1 ...
            3 3 3 3 3 3 3 3 3 3 3 3 3 3 3 3 3 3 3 3 3 3 3 3 3 3 3 3 3 3 3 3 ...
            3 3 3 3 3 3 3 3 3 3 3 3 3 3 3 3 3 3 3 3 3 3 3 3 3 3 3 3 3 3 3 3 ...
            3 3 3 3 3 3 3 3 3 3 3 3 3 3 3 3 3 3 3 3 3 3 3 3 3 3 3 3 3 3 3 3 ...%80
            3 3 3 3 3 3 3 3 3 3 3 3 3 3 3 3 3 3 3 3 3 3 3 3 3 3 3 3 3 3 3 3 ...
            1 1 1 1 1 1 ...
            1 1 1 1 1 1 ...
            1 1 1 1 1 1 ...
            1 1 1 1 1 1 ...%85
            2 2 2 2 4 2 2 2 2 4 2 2 1 ...
            2 2 2 2 4 2 2 2 2 4 2 2 1 ...
            2 2 2 2 4 2 2 2 2 1 ...
            1 1 1 1 , 2 2 2 2 2 2 ...%90
            1 1 1 1 , 1 1 1 1 1 1 , 1 1 1 1 , 1 1 1 1 1 , 1 1 1 1 1 ...%95
            4 2 , 1 1 1 1 1 , 1 1 1 1 1 1 1 1 ...
            1 1 1 1 1 , 1 1 1 1 1 1 1 1 ...%00
            1 1 1 1 1 , 1 1 1 1 1 , 1 1 1 1 3 ...
            ...
            1 3 3 3 3 3 3 3 1 3 3 3 3 3 2 ...%5
            1 1 1 1 1 , 3 1 ...
            1 1 1 1 1 , 1 1 1 1 1 , 1 1 1 1 1 ...%10
            1 1 1 1 1 , 1 1 1 1 1 1 , 1 1 1 1 1 ...
            1 1 1 1 1 1 , 1 1 1 1 1 ...%15
            1 1 1 1 1 , 1 1 1 1 1 ...
            ...
            1 1 1 1 1 1 1 1 , 1 1 1 1 1 1 1 1 ...%20
            1 1 1 1 1 1 1 1 , 1 1 2 ...
            1 1 1 1 1 1 1 1 , 1 1 2 , 1 1 1 1 1 1 1 1 ...%25
            1 1 1 1 2 , 4 , 2 1 2 1 2 ...
            2 2 2 , 2 2 2 ...%30
            4 , 4 ...

            ];
length12 = [1 1 , 1 , 1 , 1 1 1 ...
            1 1 1 1 3 ...%5
            1 1 , 1 1 1 1 1 , 1 , 1 1 1 1 1 1 1 ...
            1 1 1 1 1 1 1 ...%10
            1 1 1 1 1 1 1 , 1 1 1 1 1 1 1 1 ...
            1 1 1 1 3 , 1 1 , 1 1 1 1 1 ...%15
            1 1 1 1 1 3 ...
            ...
            1 1 1 1 1 1 ...
            1 1 1 1 1 1 1 1 ...
            1 1 1 1 1 1 1 1 ...%20
            1 1 1 1 1 1 1 1 ...
            1 1 1 1 1 1 1 1 ...
            1 1 1 1 1 1 1 1 ...
            1 1 1 1 , 1 1 1 1 ...%25
            1 1 1 1 , 1 1 1 ...
            1 1 1 1 , 1 1 1 1 , 1 1 1 1 ...%30
            2 1 , 1 1 1 1 1 1 1 1 1 1 ...
            1 1 1 1 1 1 1 1 1 1 ...
            1 1 1 1 1 1 1 1 , 1 1 1 ...%35
            1 1 1 1 1 1, 1 1 1 , 1 1 1 1 1 ...
            1 1 1 1 1 , 1 1 1 1 1 ...%40
            1 1 1 1 3 , 1 1 ...
            3 3 3 3 3 3 3 3 1 1 1 ...
            1 1 1 1 1 1 1 1 , 1 1 1 1 1 ...%45
            1 1 1 1 1 1 1 1 , 1 1 1 1 1 ...
            1 1 1 1 1 , 1 1 1 1 3 ...
            ...%50
            1 , 1 1 ...
            3 3 3 3 3 3 3 3 3 3 3 3 3 3 3 3 ...
            3 3 3 3 3 3 3 3 1 3 3 3 3 3 3 3 , 1 ...%55
            1 , 1 1 ...
            2 2 2 2 2 2 2 2 ...
            2 2 2 2 2 2 2 2 ...
            2 2 2 2 2 2 2 2 ...%60
            2 2 2 2 2 2 2 2 ...
            2 2 2 2 2 2 2 2 ...
            2 2 2 2 2 2 2 2 ...
            2 2 2 2 2 2 2 2 ...
            2 2 3 ...%65
            ...
            3 , 3 , 3 , 3 ...%70
            3 , 3 , 3 ...
            3 3 3 3 3 3 3 3 3 3 3 3 3 3 3 3 ...
            3 3 3 3 3 3 3 3 3 3 3 3 3 3 3 3 ...%75
            3 3 3 3 3 3 3 3 3 3 3 3 3 3 3 3 ...
            3 3 3 3 3 3 3 3 3 3 3 3 3 3 1 ...
            3 3 3 3 3 3 3 3 3 3 3 3 3 3 3 3 ...
            3 3 3 3 3 3 3 3 3 3 3 3 3 3 3 3 ...
            3 3 3 3 3 3 3 3 3 3 3 3 3 3 3 3 ...%80
            3 3 3 3 3 3 3 3 3 3 3 3 3 3 3 3 ...
            1 2 2 2 1 1 2 2 2 1 ...
            1 2 2 2 1 1 2 2 2 1 ...
            1 2 2 2 1 1 2 2 2 1 ...
            1 2 2 2 1 1 2 2 2 1 ...%85
            1 2 2 2 1 1 2 2 2 1 ...
            1 2 2 2 1 1 2 2 2 1 ...
            1 4 1 2 , 4 , 4 4 4 4 4 4 4 4 4 4 4 4 4 4 4 4 ...%90
            4 4 4 4 4 4 4 4 4 4 4 4 4 4 4 4 ...
            4 4 4 4 4 4 4 4 4 4 4 4 4 4 4 4 ...
            4 4 4 4 4 4 4 4 4 4 4 4 4 4 4 4 ...
            4 4 4 4 4 4 4 4 4 4 4 4 4 4 4 4 ...
            4 4 4 4 4 4 4 4 4 4 4 4 4 4 2 ...%95
            4 , 1 4 , 1 1 1 1 1 1 1 1 ...
            1 1 1 1 1 , 1 1 1 1 1 1 1 1 ...%00
            1 1 1 1 1 , 1 1 1 1 1 , 1 4 3 ...
            ...
            4 2 ...%5
            4 4 4 4 4 4 4 4 4 4 4 4 4 4 4 4 ...
            4 4 4 4 4 4 4 4 4 4 4 4 4 4 4 ...
            1 1 1 1 1 , 1 1 1 1 1 , 1 1 1 1 1 ...%10
            1 1 1 1 1 , 1 1 1 1 1 1 , 1 1 1 1 1 ...
            1 1 1 1 1 1 , 1 1 1 1 1 ...%15
            1 1 1 1 1 , 1 1 1 1 1 ...
            ...
            4 , 4 ...%20
            4 , 1 4 1 1 1 , 4 , 1 4 1 1 1 , 4 ...%25
            1 4 , 1 1 1 1 1 1 1 1 , 4 ...
            2 2 2 2 2 2 1 4 , 2 2 2 2 2 2 1 4 ...%30
            4 , 4 ...

            ];
length13 = [1 1 , 1 , 1 , 1 , 1 1 1 1 3 ...%5
            1 , 1 1 1 1 3 , 1 , 1 , 1 ...%10
            1 , 1 , 1 1 1 1 3 , 1 , 1 1 1 1 1 ...%15
            1 3 ...
            ...
            1 1 1 1 1 1 ...
            1 1 1 1 1 1 ...
            1 1 1 1 1 1 ...%20
            1 1 1 1 1 1 ...
            1 1 1 1 1 1 , 1 , 1 1 1 1 ...
            1 1 1 1 ...%25
            1 1 1 1 , 1 1 1 ...
            1 1 1 1 , 1 1 1 1 , 1 1 1 1 ...%30
            2 1 , 1 , 1 , 1 1 1 1 1 1 1 1 ...
            1 1 1 ...%35
            1 1 1 1 1 1 , 1 1 1 ...
            1 1 1 1 1 , 1 1 1 1 1 ...
            1 1 1 1 1 ...%40
            1 1 1 1 3 , 1 1 , 1 ...
            1 1 1 1 1 1 1 1 ...
            1 1 1 1 1 ...%45
            1 1 1 1 1 1 1 1 , 1 1 1 1 1 ...
            1 1 1 1 1 , 1 1 1 1 3 ...
            ...%50
            1 , 1 , 1 , 1 , 1 ...%55
            1 , 1 , 1 , 1 , 1 ...%60
            1 , 2 2 2 2 2 2 2 2 , 1 , 2 2 2 2 2 2 2 2 , 2 2 3 ...%65
            ...
            3 , 3 , 3 , 3 ...%70
            3 , 3 , 3 , 3 , 3 ...%75
            3 , 3 , 3 , 3 , 3 ...%80
            3 1 , 3 , 3 , 3 , 3 ...%85
            1 4 , 1 4 , 1 1 1 4 1 1 1 2 , 4 , 4 1 1 2 ...%90
            4 1 1 2 , 4 1 1 2 , 4 1 1 2 , 4 1 1 2 , 4 2 ...%95
            4 , 1 4 , 1 1 1 1 1 1 1 1 ...
            1 1 1 1 1 , 1 1 1 1 1 1 1 1 ...%00
            1 1 1 1 1 , 1 4 , 1 4 3 ...
            ...
            4 ...%5
            4 , 4 , 1 1 1 1 1 , 1 1 1 1 1 , 1 1 1 1 1 ...%10
            1 1 1 1 1 , 1 1 1 1 1 1 , 1 1 1 1 1 ...
            1 1 1 1 1 1 , 1 1 1 1 1 ...%15
            1 1 1 1 1 , 1 1 1 1 1 ...
            ...
            4 , 4 ...%20
            4 , 1 4 , 4 , 1 4 , 4 ...%25
            4 , 4 , 4 , 4 , 4 ...%30
            4 , 4 ...
            
            ];
