%锟斤拷 line1
rhythm11 = [7 1 7 6 5 1 , 7 6 5 5 , 4 3 3 4 2 , 0 2 ...
            2 2 2 2 2 ...%5
            0 7 , 6 6 6 7 7 , 0 7 , 1 7 6 5 1 , 7 6 5 5 ...%10
			4 3 3 4 2 , 0 2 , 2 2 2 2 2 , 0 7 ...
			6 6 6 7 7 ...%15
			5 5 5 5 5 0 , 2 2 5 1 2 5 7 2 2 2 5 1 2 5 7 ...
			5 5 5 5 5 5 , 2 7 2 5 2 7 5 0 2 1 2 ...
			2 7 2 5 2 7 5 0 2 7 6 ...%20
			2 7 2 5 2 7 5 0 2 1 2 , 2 7 2 5 2 7 5 0 2 7 6 ...
			7 0 0 1 7 0 0 6 , 7 7 7 7 2 , 2 1 1 7 ...%25
			1 7 6 4 2 , 0 6 ...
			7 7 7 7 2 , 2 1 1 7 , 2 1 1 6 7 ...%30
			2 1 0 4 , 0 6 7 6 6 0 , 0 6 7 6 6 0 ...
			0 0 2 1 0 2 0 2 , 0 2 1 ...%35
			2 1 1 1 7 6 , 7 6 0 ...
			2 1 1 7 7 , 6 7 4 6 7 ...
			5 4 2 7 7 ...%40
			7 6 5 6 7 , 0 7 , 6 7 6 0 2 ...
			2 1 1 1 1 7 7 7 ...
			6 7 6 4 2 ...%45
			2 1 1 1 1 7 7 7 ...
			6 7 4 6 7 , 5 4 2 7 7 , 7 6 5 6 7 ...
			...%50
			2 2 4 7 2 4 7 2 2 2 4 7 2 4 7 2 ...
			1 1 4 7 1 4 7 1 1 1 4 7 1 4 7 ...
			2 1 1 6 7 ...
			...
			2 2 4 7 2 4 7 2 2 2 4 7 2 4 7 2 ...%55
			1 1 4 7 1 4 7 1 1 1 4 7 1 4 7 1 ...
			6 2 7 2 7 2 7 2 7 0 7 ...
			1 7 1 7 1 7 1 7 ...
			6 6 6 6 6 6 6 7 ...
			1 7 1 7 1 7 1 7 ...%60
			6 6 6 6 6 6 6 7 ...
			1 7 1 7 1 7 1 7 ...
			1 7 1 7 1 7 1 7 ...
			1 7 1 7 1 7 1 7 , 5 5 5 ...%65
			...
			0 , 2 , 0 , 5 ...%70
			0 , 2 , 0 , 2 7 5 2 7 5 , 1 6 4 1 6 4 ...%75
			7 7 7 7 6 4 , 2 2 2 2 1 2 ...
			2 7 2 7 2 7 2 7 2 7 2 7 2 7 2 7 7 3 2 7 7 3 2 7 7 3 2 7 7 3 2 7 ...
			2 7 2 7 2 7 2 7 2 7 2 7 2 7 2 7 7 3 2 7 7 3 2 7 7 3 2 7 7 3 2 7 ...
			2 7 2 7 2 7 2 7 2 7 2 7 2 7 2 7 7 3 2 7 7 3 2 7 7 3 2 7 7 3 2 7 ...%80
			4 1 4 1 4 1 4 1 4 1 4 1 4 1 4 1 1 7 4 1 1 7 4 1 1 7 4 1 1 7 4 1 ...
			0 6 7 6 6 0 , 0 6 7 6 6 0 ...
			0 6 7 6 6 0 , 0 6 7 6 6 0 ...%85
			2 6 7 4 0 2 6 7 4 0 2 6 7 ...
			2 6 7 4 0 2 6 7 4 0 2 6 7 ...
			2 6 7 4 0 2 6 1 2 2 ...
			3 2 2 1 , 2 1 1 1 7 7 ...%90
			6 7 6 4 , 2 1 1 1 7 7 , 6 7 4 7 , 5 4 2 7 7 , 7 6 5 6 7 ...%95
			0 7 , 6 7 6 4 2 ...
			2 1 1 1 1 7 7 7 ...
			6 7 6 4 2 , 2 1 1 1 1 7 7 7 ...%00
			6 7 4 6 7 , 5 4 2 7 7 , 7 6 5 6 7 ...
			...
			1 1 4 7 1 4 7 1 1 1 4 7 1 4 7 ...%5
			1 7 1 7 1 , 2 7 ...
			5 4 2 7 7 , 5 4 2 7 7 , 5 4 2 7 7 ...%10
			5 4 2 7 2 , 2 1 1 1 7 7 , 6 7 6 0 2 ...
			2 1 1 1 7 7 , 6 7 4 6 7 ...%15
			5 4 2 7 7 , 7 6 5 6 7 ...
			...
			1 5 7 1 5 7 1 5 , 1 4 6 7 4 6 7 4 ...%20
			1 5 6 1 5 2 2 7 , 1 7 6 ...
			4 1 2 4 1 2 4 7 , 1 7 6 , 4 6 7 4 6 7 4 2 ...%25
			2 2 2 2 2 , 0 , 6 6 6 7 7 ...
			2 1 7 , 2 1 7 ...%30
			0 , 0 ...

           ];
rhythm12 = [0 0 , 0 , 0 , 0 0 2 , 7 0 7 0 7 ...%5
            0 7 , 1 0 1 0 0 , 0 , 0 1 2 7 6 7 5 ...
			1 2 7 6 7 5 0 ...%10
			6 7 4 0 6 7 4 , 0 6 7 0 6 7 0 2 ...
			7 0 7 0 7 , 0 7 , 1 0 1 0 0 ...%15
			2 2 2 2 2 2 ...
			...
			2 2 2 2 2 2 , 2 7 2 5 0 7 7 7 , 2 7 2 5 0 6 2 2 ...%20
			2 7 2 5 0 7 7 7 , 2 7 2 5 0 6 2 2 ...
			5 5 0 0 5 5 0 1 , 2 2 0 2 , 5 5 0 7 ...%25
			4 4 0 1 , 7 7 0 , 2 2 0 2 ...
			5 5 0 7 , 7 4 0 0 ...%30
			2 0 , 4 2 2 0 2 1 2 2 0 4 ...
			4 2 2 0 2 1 2 2 0 4 ...
			0 0 6 7 0 6 0 6 , 0 7 6 ...%35
			7 5 5 5 5 4 , 4 4 4 ...
			7 6 6 5 0 , 4 4 2 4 0 , 3 2 7 4 0 ...%40
			4 0 4 0 5 , 0 0 ...
			6 4 2 7 4 2 6 4 0 4 2 ...
			7 0 5 0 5 0 5 0 , 4 0 4 1 0 ...%45
			7 0 6 0 6 0 5 0 , 4 0 2 4 0 ...
			3 2 0 4 0 , 4 0 4 0 5 ...
			...%50
			0 , 0 7 ...
			2 4 2 1 4 2 1 4 2 4 6 4 2 4 7 5 ...
			2 5 2 5 2 5 2 5 2 2 5 7 2 5 7 2 , 0 ...%55
			0 , 0 7 , 1 7 1 7 1 7 1 7 ...
			6 6 6 6 6 6 6 7 ...
			1 7 1 7 1 7 1 7 ...%60
			6 6 6 6 6 6 6 0 ...
			5 0 5 0 5 0 5 0 ...
			4 0 4 0 4 0 4 0 ...
			4 0 4 0 4 0 4 0 , 2 2 2 ...%65
			...
			0 , 7 , 0 , 2 ...%70
			0 , 7 , 0 ...
			2 5 2 7 5 2 5 2 2 5 2 7 5 2 5 2 ...
			1 4 1 6 4 1 4 1 1 4 1 6 4 1 4 1 ...%75
			7 2 7 2 7 2 7 7 7 2 7 6 2 7 4 7 ...
			2 4 2 2 4 2 2 2 2 4 2 1 4 2 2 ...
			7 0 7 0 7 0 7 0 7 0 7 0 7 0 7 0 ...
			7 0 7 0 7 0 7 0 7 0 7 0 7 0 7 0 ...
			7 0 7 0 7 0 7 0 7 0 7 0 7 0 7 0 ...%80
			1 0 1 0 1 0 1 0 1 0 1 0 1 0 1 0 ...
			4 2 2 0 2 1 2 2 0 4 ...
			4 2 2 0 2 1 2 2 0 4 ...
			4 2 2 0 2 1 2 2 0 4 ...
			4 2 2 0 2 1 2 2 0 4 ...%85
			4 2 2 0 2 1 2 2 0 4 ...
			4 2 2 0 2 1 2 2 0 4 ...
			4 0 7 4 , 0 , 2 5 3 1 5 3 1 3 1 5 3 7 5 3 7 3 ...%90
			6 4 1 7 4 1 6 1 1 1 4 1 1 1 4 6 ...
			2 5 2 1 5 2 1 2 1 5 2 7 5 2 7 2 ...
			6 4 2 7 4 2 4 2 2 2 7 2 2 2 4 7 ...
			5 7 5 4 7 5 2 3 3 3 7 3 3 3 7 3 ...
			7 4 1 1 6 1 5 1 1 1 6 1 1 1 2 ...%95
			0 , 4 0 , 5 0 5 0 5 0 5 0 ...
			4 0 4 0 0 , 7 0 7 0 7 0 4 0 ...%00
			4 0 2 0 0 , 3 0 7 5 0 , 4 0 5 ...
			...
			0 7 ...%5
			1 4 2 7 4 2 1 4 2 4 7 4 2 4 1 4 ...
			2 4 2 4 2 4 2 4 2 4 2 4 2 4 0 ...
			2 2 7 4 4 , 2 2 7 4 4 , 2 2 7 4 4 ...%10
			2 2 7 4 2 , 7 5 5 5 5 5 , 4 0 4 4 0 ...
			7 6 6 6 5 5 , 4 0 2 4 0 ...%15
			3 2 0 4 0 , 4 0 4 0 5 ...
			...
			0 , 0 ...%20
			0 , 4 0 5 7 2 , 0 , 4 0 6 7 1 , 0 ...%25
			7 0 , 4 1 2 4 1 2 4 7 , 0 ...
			2 5 2 1 5 2 7 0 , 2 5 2 1 5 2 7 0 ...%30
			0 , 0 ...

            ];
rhythm13 = [0 0 , 0 , 0 , 0 , 2 2 2 2 2 ...%5
            0 , 6 6 6 7 7 , 0 , 0 , 0 ...%10
			0 , 0 , 2 2 2 2 2 ...
			0 , 6 6 6 7 7 ...%15
			0 5 ...
			...
			7 7 7 7 7 7 ...
			0 0 0 2 1 2 ...
			0 0 0 2 7 6 ...%20
			0 0 0 2 1 2 ...
			0 0 0 2 7 6 , 0 , 7 7 0 7 , 3 3 0 5 ...%25
			1 1 0 7 , 6 6 0 , 7 7 0 7 ...
			3 3 0 5 , 4 2 0 0 ...%30
			7 0 , 0 , 0 , 0 0 4 4 0 4 0 4 ...
			0 4 4 ...%35
			5 3 3 3 3 1 , 2 1 1 ...
			5 4 4 2 0 , 2 2 6 2 0 ...
			7 7 4 2 0 ...%40
			1 0 1 0 2 , 0 0 , 0 ...
			5 0 3 0 3 0 3 0 ...
			1 0 1 6 0 ...%45
			5 0 4 0 4 0 2 0 , 2 0 6 2 0 ...
			7 7 0 2 0 , 1 0 1 0 2 ...
			...%50
			0 , 0 , 0 , 0 , 0 ...%55
			0 , 0 , 0 , 0 , 0 ...%60
			0 , 3 0 3 0 3 0 3 0 , 0 ...
			1 7 1 7 1 7 1 7 , 7 7 7 ...%65
			...
			0 , 5 , 0 , 7 ...%70
			0 , 5 , 0 , 0 , 0 ...%75
			0 , 0 , 0 , 0 , 0 ...%80
			0 4 , 0 , 0 , 0 , 0 ...%85
			2 0 , 2 0 , 2 2 2 0 2 1 2 6 , 0 , 0 3 3 5 ...%90
			0 4 4 6 , 0 5 5 7 , 0 2 2 6 , 0 3 3 5 , 0 7 ...%95
			0 , 2 0 , 3 0 3 0 3 0 3 0 ...
			1 0 1 0 0 , 4 0 4 0 4 0 0 0 ...%00
			2 0 6 0 0 , 7 0 , 1 0 2 ...
			...
			0 ...%5
			0 , 0 , 7 7 4 2 2 , 7 7 4 2 2 , 7 7 4 2 2 ...%10
			7 7 4 2 0 , 5 3 3 3 3 3 , 1 7 1 1 0 ...
			5 4 4 4 2 2 , 2 0 6 2 0 ...%15
			7 7 0 2 0 , 1 0 1 0 2 ...
			...
			0 , 0 ...%20
			0 , 2 0 , 0 , 1 0 , 0 ...%25
			0 , 0 , 0 , 0 , 0 ...%30
			0 , 0 ...

            ];
rhythm14 = [0 0 , 0 , 0 , 0 , 0 ...%5
            0 , 0 , 0 , 0 , 0 ...%10
			0 , 0 , 0 , 0 , 0 ...%15
			0 , 0 , 6 6 6 6 6 6 ...
			0 ...
			0 4 0 ...%20
			0 ...
			0 4 0 , 0 , 6 6 5 0 ...
			2 2 0 ...%25
			0 7 4 0 , 4 4 0 , 6 6 5 0 ...
			2 2 0 , 2 1 0 1 ...%30
			0 , 0 , 0 , 4 2 2 0 2 1 0 2 0 2 ...
			0 2 1 ...%35
			2 1 1 1 7 6 ...
			7 6 6 ...
			2 1 1 7 7 ...
			6 7 4 6 7 ...
			5 4 2 7 7 ...%40
			7 6 5 6 7 ...
			0 0 ...
			0 ...
			2 1 1 1 1 7 7 7 ...
			6 7 6 4 2 ...%45
			2 1 1 1 1 7 7 7 ...
			6 7 4 6 7 ...
			5 4 2 7 7 ...
			7 6 5 6 7 ...
			...%50
			0 , 0 , 0 , 0 , 0 ...%55
			0 , 0 , 0 , 0 , 0 ...%60
			0 , 1 7 1 7 1 7 1 7 ...
			1 7 1 7 1 7 1 7 , 0 , 0 6 6 6 ...%65
			...
			0 , 2 , 0 , 6 ...%70
			0 , 2 , 0 , 0 , 0 ...%75
			0 , 0 , 0 , 0 , 0 ...%80
			0 , 0 , 0 , 0 , 0 ...%85
			0 , 0 , 0 7 , 3 2 2 1 , 0 3 ...%90
			0 4 , 0 5 , 0 4 , 0 3 , 0 4 4 6 ...%95
			0 , 0 , 0 , 0 , 0 ...%00
			0 , 0 , 0 7 ...
			...
			0 ...%5
			0 , 0 ...
			0 5 5 0 4 4 0 2 2 2 0 7 7 7 0 ...
			0 5 5 0 4 4 0 2 2 2 0 7 7 7 0 ...
			0 5 5 0 4 4 0 2 2 2 0 7 7 7 0 ...%10
			0 5 5 0 4 4 0 2 2 2 0 ...
			2 1 1 1 7 7 , 6 7 6 6 0 ...
			2 1 1 1 7 7 , 6 7 4 6 7 ...%15
			5 4 2 7 7 , 7 6 5 6 7 ...
			...
			0 , 0 ...%20
			0 , 0 , 0 , 0 , 0 ...%25
			0 , 0 , 0 , 0 , 0 ...%30
			0 , 0 ...

            ];
