%锟斤拷锟斤拷 line6
volume11 = [2 2 2 2 2 2 ...
            2 2 2 2 , 2 2 2 2 2 , 0 1 , .6 .8 .8 .8 1 ...%5
            0 2 , 1 1 1 1 1 , 0 3 ...
            3 3 3 3 3 , 3 3 3 3 ...%10
            3 3 3 3 3 , 0 3 ...
            1.2 2 2 2 2 , 0 3 ...
            1.2 2 2 2 2 ...%15
            3 3 3 3 3 0 ...
            1.7 1.5 1.5 1.7 1.5 1.5 1.7 1.5 1.7 1.5 1.5 1.7 1.5 1.5 1.7 ...
            1.5 1.5 1.5 1.5 1.5 1.5 , 2 2 2 2 2 2 2 0 2 2 2 ...
            2 2 2 2 2 2 2 0 2 2 2 ...%20
            2 2 2 2 2 2 2 0 2 2 2 ...
            2 2 2 2 2 2 2 0 2 2 2 ...
            3 0 0 2.6 2.4 0 0 2 ...
            1.2 1.5 1.5 1.5 2 ...
            1.2 1.5 1.5 2 ...%25
            1.2 1.5 1.5 1.5 2 , 0 2 , 1.2 1.5 1.5 1.5 2 ...
            1.2 1.5 1.5 1.5 ...
            1.2 1.5 1.5 1.2 2 ...%30
            2 2 0 2 , 0 1 1 1 1 0 ...
            0 1 1 1 1 0 , 0 0 1.2 1.2 0 2 0 3.5 ...
            0 2.5 2.5 ...%35
            2 2 2 2 2 2 ...
            2 2 0 , 2 2 2 2 2 ...
            2 2 2 2 2 , 2 2 2 2 2 ...%40
            2 2 2 2 4 , 0 2 , 3 3 3 0 2 ...
            2 2 2 2 2 2 2 2 , 2 2 2 2 2 ...%45
            2 2 2 2 2 2 2 2 , 2 2 2 2 2 ...
            2 2 2 2 2 , 2 2 2 2 3 ...
            ...%50
            1 .4 .4 .4 .4 .4 .4 .4 1 .4 .4 .4 .4 .4 .4 .4 ...
            1 .4 .4 .4 .4 .4 .4 .4 1 .4 .4 .4 .4 .4 .4 ...
            1.2 1.2 1.2 1.2 2 ...
            ...
            1 .4 .4 .4 .4 .4 .4 .4 1 .4 .4 .4 .4 .4 .4 .4 ...%55
            1 .4 .4 .4 .4 .4 .4 .4 1 .4 .4 .4 .4 .4 .4 .4 ...
            1 .4 .4 .4 .4 .4 .4 .4 1 0 1 ...
            .4 .4 .4 .4 .4 .4 .4 .4 ...
            .4 .4 .4 .4 .4 .4 .4 .4 ...
            .4 .4 .4 .4 .4 .4 .4 .4 ...%60
            .4 .4 .4 .4 .4 .4 .4 1 ...
            1 1 1 1 1 1 1 1 ...
            1 1 1 1 1 1 1 1 ...
            1 1 1 1 1 1 1 1 ...
            .8 .8 4 ...%65
            ...
            0 , 4 , 0 , 4 ...%70
            0 , 4 , 0 , 1 1 1 1 1 1 , 1 1 1 1 1 1 ...%75
            1 1 1 1 1 1 ...
            1 1 1 1 1 1 ...
            .4 .4 .4 .4 .4 .4 .4 .4 .4 .4 .4 .4 .4 .4 .4 .4 .4 .4 .4 .4 .4 .4 .4 .4 .4 .4 .4 .4 .4 .4 .4 .4 ...
            1 1 1 1 1 1 1 1 1 1 1 1 1 1 1 1 .4 .4 .4 .4 .4 .4 .4 .4 .4 .4 .4 .4 .4 .4 .4 .4 ...
            1 1 1 1 1 1 1 1 1 1 1 1 1 1 1 1 .4 .4 .4 .4 .4 .4 .4 .4 .4 .4 .4 .4 .4 .4 .4 .4 ...%80
            1 1 1 1 1 1 1 1 1 1 1 1 1 1 1 1 .4 .4 .4 .4 .4 .4 .4 .4 .4 .4 .4 .4 .4 .4 .4 .4 ...
            0 1 1 1 1 0 ...
            0 1 1 1 1 0 ...
            0 1 1 1 1 0 ...
            0 .7 .7 .7 .7 0 ...%85
            .7 .7 .7 .7 0 .7 .7 .7 .7 0 .7 .7 .7 ...
            .7 .7 .7 .7 0 .7 .7 .7 .7 0 .7 .7 .7 ...
            .7 .7 .7 .7 0 .7 .7 .7 .7 .7 ...
            2 2 2 2 , 1.2 1.2 1.2 1.2 1.2 1.2 ...%90
            1.2 1.2 1.2 1.2 , 1.2 1.2 1.2 1.2 1.2 1.2 ...
            1.2 1.2 1.2 1.2 , 1.2 1.2 1.2 1.2 1.2 , 1.2 1.2 1.2 1.2 3 ...%95
            0 2 , 2 2 2 2 2 , 1.5 2 1.5 2 1.5 2 1.5 2 ...
            1.5 2 1.5 2 2 , 1.5 2 1.5 2 1.5 2 1.5 2 ...%00
            1.5 2 1.5 2 2 , 1.5 2 1.8 1.8 2 , 1.5 2 2 2 4 ...
            ...
            1 .4 .4 .4 .4 .4 .4 .4 1 .4 .4 .4 .4 .4 .4 ...%5
            1 1 1 1 1 , 2 1 ...
            1 1 1 1 1 , 1 1 1 1 1 , 1 1 1 1 1 ...%10
            1 1 1.5 1.2 1 , 1 1 1 1 1 1 , 1 1 1 0 1 ...
            1 1 1 1 1 1 , 1 1 1 1 1 ...%15
            1 1 1 1 1 , 1 1 1 1 4 ...
            ...
            1 1 1 1 1 1 1 1 , 1 1 1 1 1 1 1 1 ...%20
            1 1 1 1 1 1 1 1 , 1 1 2 ...
            1 1 1 1 1 1 1 1 , 1 1 2 , 1 1 1 1 1 1 1 1 ...%25
            2 2 2 2 3.5 , 0 , 2 2 2 2 2 ...
            1.5 1.5 3 , 1.5 1.5 3 ...%30
            0 , 0 ...

            ];
volume12 = [0 0 , 0 , 0 , 0 0 1 , .6 0 .8 0 1 ...%5
            0 2 , 1 0 1 0 0 , 0 , 0 1 1 1 1 1 1 ...
            1 1 1 1 1 1 0 ...%10
            1 1 1 0 1 1 1 , 1 1 1 1 1 1 0 1 ...
            1.2 0 2 0 2 , 0 3 , 1.2 0 2 0 0 ...%15
            3 3 3 3 3 3 ...
            ...
            1.5 1.5 1.5 1.5 1.5 1.5 ...
            2 2 2 2 0 2 2 2 , 2 2 2 2 0 2 2 2 ...%20
            2 2 2 2 0 2 2 2 , 2 2 2 2 0 2 2 2 ...
            3 2.8 0 0 2.5 2.4 0 2 , 1.2 1.2 0 1.2 ...
            1.2 1.2 0 1.2 ...%25
            1.2 1.2 0 1.2 ...
            1.2 1.2 0 , 1.2 1.2 0 1.5 ...
            1.2 1.2 0 1.2 , 1.2 1.2 0 0 ...%30
            1.2 0 , 2 1.5 1.5 0 1.5 1.5 1.5 1.5 0 2 ... 
            2 1.5 1.5 0 1.5 1.5 1.5 1.5 0 2 ...
            0 0 1.2 1.2 0 2 0 3.5 , 0 2.5 2.5 ...%35
            2 2 2 2 2 2 , 2 2 2 , 2 2 2 2 0 , 2 2 2 2 0 ...
            2 2 2 2 0 ...%40
            2 0 2 0 4 , 0 0 ...
            .3 .3 .3 .3 .3 .3 .3 .3 0 3 2 ...
            2 0 2 0 2 0 2 0 , 2 0 2 2 0 ...%45
            2 0 2 0 2 0 2 0 , 2 0 2 2 0 , 2 2 0 2 0 , 2 0 2 0 3 ...
            ...%50
            0 , 0 1 ...
            .4 .4 .4 .4 .4 .4 .4 .4 .4 .4 .4 .4 .4 .4 .4 .4 ...
            .4 .4 .4 .4 .4 .4 .4 .4 1 .4 .4 .4 .4 .4 .4 .4 ...
            0 ...%55
            0 , 0 1 , .4 .4 .4 .4 .4 .4 .4 .4 ...
            .4 .4 .4 .4 .4 .4 .4 .4 , .4 .4 .4 .4 .4 .4 .4 .4 ...%60
            .4 .4 .4 .4 .4 .4 .4 0 ...
            1 0 1 0 1 0 1 0 , 1 0 1 0 1 0 1 0 ...
            1 0 1 0 1 0 1 1 , .8 .8 4 ...%65
            ...
            0 , 4 , 0 , 4 ...%70
            0 , 4 , 0 ...
            1 1 1 1 1 1 1 1 1 1 1 1 1 1 1 1 ...
            1 1 1 1 1 1 1 1 1 1 1 1 1 1 1 1 ...%75
            .4 .4 .4 .4 .4 .4 .4 .4 .4 .4 .4 .4 .4 .4 .4 .4 ...
            .4 .4 .4 .4 .4 .4 .4 .4 .4 .4 .4 .4 .4 .4 .4 ...
            .4 .4 .4 .4 .4 .4 .4 .4 .4 .4 .4 .4 .4 .4 .4 0 ...
            1 1 1 1 1 1 1 1 1 1 1 1 1 1 1 0 ...
            1 1 1 1 1 1 1 1 1 1 1 1 1 1 1 0 ...%80
            1 1 1 1 1 1 1 1 1 1 1 1 1 1 1 0 ...
            1 1 1 0 1 1 1 1 0 1 ...
            1 1 1 0 1 1 1 1 0 1 ...
            1 1 1 0 1 1 1 1 0 1 ...
            1 1 1 0 1 1 1 1 0 1 ...%85
            1 1 1 0 1 1 1 1 0 1 ...
            1 1 1 0 1 1 1 1 0 1 ...
            1 0 1 1 , 0 , .4 .4 .4 .4 .4 .4 .4 .4 .4 .4 .4 .4 .4 .4 .4 .4 ...%90
            .4 .4 .4 .4 .4 .4 .4 .4 .4 .4 .4 .4 .4 .4 .4 .4 ...
            .4 .4 .4 .4 .4 .4 .4 .4 .4 .4 .4 .4 .4 .4 .4 .4 ...
            .4 .4 .4 .4 .4 .4 .4 .4 .4 .4 .4 .4 .4 .4 .4 .4 ...
            .4 .4 .4 .4 .4 .4 .4 .4 .4 .4 .4 .4 .4 .4 .4 .4 ...
            .4 .4 .4 .4 .4 .4 .4 .4 .4 .4 .4 .4 .4 .4 3 ...%95
            0 , 2 0 , 1.5 0 1.5 0 1.5 0 1.5 0 ...
            1.5 0 1.5 0 0 , 1.5 0 1.5 0 1.5 0 1.5 0 ...%00
            1.5 0 1.5 0 0 , 1.5 0 1.8 1.8 0 , 1.5 0 4 ...
            ...
            0 .8 ...%5
            .4 .4 .4 .4 .4 .4 .4 .4 .4 .4 .4 .4 .4 .4 .4 .4 ...
            .4 .4 .4 .4 .4 .4 .4 .4 .4 .4 .4 .4 .4 .4 0 ...
            1 1 1 1 1 , 1 1 1 1 1 , 1 1 1 1 1 ...%10
            1 1 1.5 1.2 1 , 1 1 1 1 1 1 , 1 0 1 1 0 ...
            1 1 1 1 1 1 , 1 0 1 1 0 ...%15
            1 1 0 1 0 , 1 0 1 0 4 ...
            ...
            0 , 0 ...%20
            0 , 1 0 1 1 1 , 0 , 1 0 1 1 1 , 0 ...%25
            2 0 , 2 2 2 2 2 2 2 2 , 0 ...
            1.5 1.5 1.5 1.5 1.5 1.5 1.5 0 , 1.5 1.5 1.5 1.5 1.5 1.5 1.5 0 ...%30
            0 , 0 ...

            ];
